
        6.1992e-02 1.8144e-01 4.3899e+00
        6.4630e-02 2.1985e+00 6.1933e+00
        6.7381e-02 5.8474e+00 4.6490e+00
        7.0249e-02 5.8182e+00 1.1628e+00
        7.3239e-02 4.1939e+00 9.7666e-02
        7.6355e-02 3.3551e+00 2.3342e-02
        7.9605e-02 2.8959e+00 1.5921e-02
        8.2993e-02 2.5738e+00 1.3396e-02
        8.6525e-02 2.3130e+00 1.3447e-02
        9.0208e-02 2.0746e+00 1.8002e-02
        9.4047e-02 1.8281e+00 3.6916e-02
        9.8049e-02 1.5443e+00 1.0209e-01
        1.0222e-01 1.2214e+00 3.0001e-01
        1.0657e-01 1.0324e+00 7.2421e-01
        1.1111e-01 1.1428e+00 1.1363e+00
        1.1584e-01 1.3926e+00 1.3811e+00
        1.2077e-01 1.6730e+00 1.4696e+00
        1.2591e-01 1.9244e+00 1.4301e+00
        1.3127e-01 2.1088e+00 1.2980e+00
        1.3685e-01 2.2070e+00 1.1118e+00
        1.4268e-01 2.2151e+00 9.0732e-01
        1.4875e-01 2.1401e+00 7.1234e-01
        1.5508e-01 1.9924e+00 5.4509e-01
        1.6168e-01 1.7787e+00 4.1595e-01
        1.6856e-01 1.4933e+00 3.3426e-01
        1.7573e-01 1.1027e+00 3.3219e-01
        1.8321e-01 5.8657e-01 6.0291e-01
        1.9101e-01 4.1695e-01 1.1750e+00
        1.9914e-01 4.9805e-01 1.6088e+00
        2.0762e-01 6.6401e-01 1.9198e+00
        2.1645e-01 8.6309e-01 2.1233e+00
        2.2566e-01 1.0525e+00 2.2297e+00
        2.3527e-01 1.1896e+00 2.2624e+00
        2.4528e-01 1.2337e+00 2.2707e+00
        2.5572e-01 1.1738e+00 2.3790e+00
        2.6660e-01 1.2633e+00 2.7381e+00
        2.7795e-01 1.8399e+00 2.9104e+00
        2.8978e-01 2.3629e+00 2.3727e+00
        3.0211e-01 2.1410e+00 1.5499e+00
        3.1497e-01 1.2577e+00 1.2193e+00
        3.2837e-01 5.4655e-01 1.7026e+00
        3.4235e-01 3.4548e-01 2.2132e+00
        3.5692e-01 2.7245e-01 2.5998e+00
        3.7211e-01 2.3812e-01 2.9268e+00
        3.8795e-01 2.2145e-01 3.2222e+00
        4.0446e-01 2.1405e-01 3.4995e+00
        4.2167e-01 2.1177e-01 3.7667e+00
        4.3962e-01 2.1239e-01 4.0289e+00
        4.5833e-01 2.1472e-01 4.2897e+00
        4.7783e-01 2.1813e-01 4.5516e+00
        4.9817e-01 2.2225e-01 4.8167e+00
        5.1937e-01 2.2691e-01 5.0864e+00
        5.4147e-01 2.3202e-01 5.3622e+00
        5.6452e-01 2.3757e-01 5.6450e+00
        5.8855e-01 2.4355e-01 5.9358e+00
        6.1359e-01 2.5000e-01 6.2354e+00
        6.3971e-01 2.5695e-01 6.5448e+00
        6.6693e-01 2.6446e-01 6.8645e+00
        6.9532e-01 2.7258e-01 7.1953e+00
        7.2491e-01 2.8139e-01 7.5380e+00
        7.5576e-01 2.9094e-01 7.8932e+00
        7.8793e-01 3.0132e-01 8.2617e+00
        8.2146e-01 3.1261e-01 8.6441e+00
        8.5642e-01 3.2489e-01 9.0411e+00
        8.9287e-01 3.3825e-01 9.4536e+00
        9.3087e-01 3.5280e-01 9.8822e+00
        9.7049e-01 3.6864e-01 1.0328e+01
        1.0118e+00 3.8589e-01 1.0791e+01
        1.0549e+00 4.0467e-01 1.1273e+01
        1.0997e+00 4.2512e-01 1.1774e+01
        1.1465e+00 4.4738e-01 1.2295e+01
        1.1953e+00 4.7161e-01 1.2838e+01
        1.2462e+00 4.9798e-01 1.3403e+01
        1.2993e+00 5.2667e-01 1.3990e+01
        1.3546e+00 5.5789e-01 1.4602e+01
        1.4122e+00 5.9185e-01 1.5239e+01
        1.4723e+00 6.2878e-01 1.5902e+01
        1.5350e+00 6.6895e-01 1.6592e+01
        1.6003e+00 7.1263e-01 1.7311e+01
        1.6684e+00 7.6011e-01 1.8060e+01
        1.7394e+00 8.1174e-01 1.8839e+01
        1.8134e+00 8.6785e-01 1.9651e+01
        1.8906e+00 9.2884e-01 2.0497e+01
        1.9711e+00 9.9512e-01 2.1377e+01
        2.0550e+00 1.0671e+00 2.2294e+01
        2.1424e+00 1.1454e+00 2.3249e+01
        2.2336e+00 1.2304e+00 2.4243e+01
        2.3287e+00 1.3228e+00 2.5279e+01
        2.4278e+00 1.4231e+00 2.6357e+01
        2.5311e+00 1.5321e+00 2.7480e+01
        2.6388e+00 1.6504e+00 2.8649e+01
        2.7511e+00 1.7789e+00 2.9867e+01
        2.8682e+00 1.9185e+00 3.1134e+01
        2.9903e+00 2.0700e+00 3.2454e+01
        3.1175e+00 2.2344e+00 3.3828e+01
        3.2502e+00 2.4129e+00 3.5258e+01
        3.3885e+00 2.6066e+00 3.6746e+01
        3.5328e+00 2.8168e+00 3.8295e+01
        3.6831e+00 3.0448e+00 3.9906e+01
        3.8399e+00 3.2922e+00 4.1583e+01
        4.0033e+00 3.5605e+00 4.3327e+01
        4.1737e+00 3.8513e+00 4.5141e+01
        4.3513e+00 4.1667e+00 4.7028e+01
        4.5365e+00 4.5085e+00 4.8989e+01
        4.7296e+00 4.8788e+00 5.1028e+01
        4.9308e+00 5.2799e+00 5.3147e+01
        5.1407e+00 5.7144e+00 5.5348e+01
        5.3595e+00 6.1847e+00 5.7635e+01
        5.5876e+00 6.6937e+00 6.0009e+01
        5.8254e+00 7.2443e+00 6.2473e+01
        6.0733e+00 7.8398e+00 6.5031e+01
        6.3318e+00 8.4834e+00 6.7683e+01
        6.6013e+00 9.1789e+00 7.0434e+01
        6.8822e+00 9.9299e+00 7.3285e+01
        7.1751e+00 1.0740e+01 7.6238e+01
        7.4805e+00 1.1615e+01 7.9297e+01
        7.7988e+00 1.2557e+01 8.2462e+01
        8.1307e+00 1.3573e+01 8.5735e+01
        8.4768e+00 1.4666e+01 8.9119e+01
        8.8376e+00 1.5842e+01 9.2615e+01
        9.2137e+00 1.7107e+01 9.6224e+01
        9.6058e+00 1.8465e+01 9.9946e+01
        1.0015e+01 1.9922e+01 1.0378e+02
        1.0441e+01 2.1484e+01 1.0774e+02
        1.0885e+01 2.3157e+01 1.1180e+02
        1.1348e+01 2.4946e+01 1.1599e+02
        1.1831e+01 2.6858e+01 1.2028e+02
        1.2335e+01 2.8899e+01 1.2469e+02
        1.2860e+01 3.1075e+01 1.2921e+02
        1.3407e+01 3.3391e+01 1.3384e+02
        1.3978e+01 3.5853e+01 1.3858e+02
        1.4573e+01 3.8467e+01 1.4342e+02
        1.5193e+01 4.1238e+01 1.4836e+02
        1.5840e+01 4.4171e+01 1.5340e+02
        1.6514e+01 4.7270e+01 1.5852e+02
        1.7216e+01 5.0539e+01 1.6374e+02
        1.7949e+01 5.3983e+01 1.6904e+02
        1.8713e+01 5.7604e+01 1.7442e+02
        1.9510e+01 6.1404e+01 1.7987e+02
        2.0340e+01 6.5386e+01 1.8538e+02
        2.1206e+01 6.9550e+01 1.9096e+02
        2.2108e+01 7.3898e+01 1.9660e+02
        2.3049e+01 7.8429e+01 2.0228e+02
        2.4030e+01 8.3143e+01 2.0801e+02
        2.5053e+01 8.8039e+01 2.1378e+02
        2.6119e+01 9.3113e+01 2.1959e+02
        2.7230e+01 9.8365e+01 2.2543e+02
        2.8389e+01 1.0379e+02 2.3130e+02
        2.9598e+01 1.0939e+02 2.3720e+02
        3.0857e+01 1.1515e+02 2.4312e+02
        3.2170e+01 1.2108e+02 2.4906e+02
        3.3540e+01 1.2716e+02 2.5502e+02
        3.4967e+01 1.3340e+02 2.6100e+02
        3.6455e+01 1.3979e+02 2.6700e+02
        3.8007e+01 1.4633e+02 2.7302e+02
        3.9624e+01 1.5301e+02 2.7906e+02
        4.1311e+01 1.5982e+02 2.8513e+02
        4.3069e+01 1.6677e+02 2.9123e+02
        4.4902e+01 1.7385e+02 2.9735e+02
        4.6813e+01 1.8106e+02 3.0351e+02
        4.8805e+01 1.8839e+02 3.0971e+02
        5.0882e+01 1.9584e+02 3.1595e+02
        5.3048e+01 2.0342e+02 3.2224e+02
        5.5305e+01 2.1111e+02 3.2859e+02
        5.7659e+01 2.1891e+02 3.3499e+02
        6.0113e+01 2.2684e+02 3.4145e+02
        6.2671e+01 2.3488e+02 3.4798e+02
        6.5339e+01 2.4303e+02 3.5459e+02
        6.8119e+01 2.5130e+02 3.6128e+02
        7.1019e+01 2.5969e+02 3.6806e+02
        7.4041e+01 2.6819e+02 3.7494e+02
        7.7192e+01 2.7681e+02 3.8191e+02
        8.0478e+01 2.8555e+02 3.8899e+02
        8.3903e+01 2.9442e+02 3.9618e+02
        8.7473e+01 3.0341e+02 4.0349e+02
        9.1196e+01 3.1253e+02 4.1092e+02
        9.5078e+01 3.2177e+02 4.1849e+02
        9.9124e+01 3.3116e+02 4.2619e+02
        1.0334e+02 3.4067e+02 4.3403e+02
        1.0774e+02 3.5033e+02 4.4203e+02
        1.1233e+02 3.6014e+02 4.5017e+02
        1.1711e+02 3.7009e+02 4.5848e+02
        1.2209e+02 3.8019e+02 4.6695e+02
        1.2729e+02 3.9045e+02 4.7560e+02
        1.3270e+02 4.0087e+02 4.8442e+02
        1.3835e+02 4.1146e+02 4.9343e+02
        1.4424e+02 4.2221e+02 5.0262e+02
        1.5038e+02 4.3314e+02 5.1201e+02
        1.5678e+02 4.4425e+02 5.2160e+02
        1.6345e+02 4.5555e+02 5.3139e+02
        1.7041e+02 4.6703e+02 5.4140e+02
        1.7766e+02 4.7871e+02 5.5162e+02
        1.8522e+02 4.9059e+02 5.6206e+02
        1.9310e+02 5.0267e+02 5.7274e+02
        2.0132e+02 5.1497e+02 5.8364e+02
        2.0989e+02 5.2748e+02 5.9479e+02
        2.1882e+02 5.4021e+02 6.0618e+02
        2.2814e+02 5.5317e+02 6.1782e+02
        2.3785e+02 5.6636e+02 6.2972e+02
        2.4797e+02 5.7980e+02 6.4188e+02